0 (1, (255, 183, 164))
1 (1, (253, 183, 149))
2 (1, (252, 191, 160))
3 (1, (251, 175, 139))
4 (1, (250, 223, 214))
5 (1, (203, 192, 198))
6 (2, (248, 255, 255))
7 (1, (247, 247, 255))
8 (1, (245, 239, 227))
9 (1, (244, 247, 255))
10 (1, (252, 255, 255))
11 (2, (242, 255, 255))
12 (1, (241, 231, 239))
13 (1, (240, 255, 255))
14 (1, (247, 255, 255))
15 (1, (237, 255, 255))
16 (1, (245, 255, 255))
17 (1, (233, 215, 211))
18 (1, (232, 247, 250))
19 (1, (231, 231, 239))
20 (2, (230, 167, 150))
21 (1, (229, 223, 223))
22 (1, (228, 175, 161))
23 (1, (227, 191, 177))
24 (1, (187, 153, 154))
25 (1, (225, 207, 203))
26 (1, (223, 111, 61))
27 (1, (219, 215, 212))
28 (1, (218, 95, 35))
29 (1, (210, 213, 244))
30 (1, (214, 167, 147))
31 (1, (213, 207, 211))
32 (1, (245, 191, 155))
33 (1, (211, 215, 226))
34 (1, (210, 207, 238))
35 (1, (209, 215, 231))
36 (1, (131, 129, 143))
37 (1, (206, 135, 115))
38 (1, (205, 215, 240))
39 (1, (204, 183, 188))
40 (1, (201, 199, 212))
41 (1, (200, 199, 207))
42 (1, (199, 159, 157))
43 (1, (240, 255, 250))
44 (1, (196, 143, 127))
45 (1, (195, 207, 231))
46 (1, (193, 143, 120))
47 (1, (192, 143, 138))
48 (1, (180, 140, 148))
49 (1, (190, 207, 237))
50 (1, (189, 199, 211))
51 (1, (187, 215, 236))
52 (1, (97, 111, 140))
53 (1, (185, 183, 196))
54 (1, (184, 111, 94))
55 (1, (183, 119, 107))
56 (1, (99, 111, 153))
57 (1, (181, 207, 240))
58 (1, (223, 220, 237))
59 (1, (179, 135, 132))
60 (1, (178, 175, 194))
61 (1, (177, 111, 99))
62 (1, (176, 143, 152))
63 (1, (175, 191, 216))
64 (1, (174, 135, 128))
65 (1, (173, 175, 200))
66 (1, (169, 135, 134))
67 (1, (168, 191, 225))
68 (1, (122, 69, 61))
69 (1, (162, 111, 94))
70 (1, (131, 81, 72))
71 (1, (176, 125, 122))
72 (1, (156, 79, 53))
73 (1, (255, 222, 210))
74 (1, (153, 151, 164))
75 (1, (237, 196, 166))
76 (1, (229, 149, 114))
77 (1, (149, 175, 210))
78 (1, (148, 159, 189))
79 (1, (232, 157, 125))
80 (1, (146, 135, 152))
81 (1, (144, 135, 152))
82 (1, (140, 119, 124))
83 (1, (208, 190, 190))
84 (1, (137, 103, 102))
85 (1, (136, 135, 149))
86 (1, (135, 127, 142))
87 (1, (131, 143, 157))
88 (1, (130, 135, 154))
89 (1, (129, 127, 140))
90 (1, (255, 251, 240))
91 (1, (126, 111, 130))
92 (1, (123, 119, 144))
93 (1, (121, 135, 170))
94 (1, (120, 47, 38))
95 (1, (217, 157, 149))
96 (1, (118, 119, 139))
97 (1, (250, 187, 169))
98 (1, (116, 119, 136))
99 (1, (181, 127, 125))
100 (1, (248, 251, 255))
101 (1, (132, 76, 75))
102 (1, (212, 168, 141))
103 (1, (107, 127, 164))
104 (1, (245, 251, 249))
105 (1, (105, 111, 137))
106 (1, (197, 204, 222))
107 (1, (103, 119, 155))
108 (1, (99, 55, 46))
109 (1, (97, 111, 156))
110 (1, (96, 103, 129))
111 (1, (95, 47, 47))
112 (1, (102, 46, 47))
113 (1, (117, 123, 145))
114 (1, (88, 79, 98))
115 (1, (202, 221, 235))
116 (1, (190, 206, 232))
117 (1, (192, 149, 158))
118 (1, (82, 95, 140))
119 (1, (80, 31, 34))
120 (1, (79, 71, 92))
121 (1, (195, 221, 238))
122 (1, (69, 87, 135))
123 (1, (192, 204, 218))
124 (1, (186, 202, 236))
125 (1, (121, 123, 136))
126 (1, (235, 96, 31))
127 (1, (52, 55, 88))
128 (1, (207, 152, 122))
129 (1, (128, 142, 153))
130 (1, (153, 191, 230))
131 (1, (247, 217, 206))
132 (1, (125, 89, 101))
133 (1, (41, 39, 78))
134 (1, (198, 138, 130))
135 (1, (155, 189, 227))
136 (2, (32, 31, 71))
137 (1, (106, 57, 43))
138 (1, (25, 23, 47))
139 (1, (192, 127, 107))
140 (1, (182, 138, 137))
141 (1, (190, 136, 136))
142 (1, (140, 151, 169))
143 (1, (238, 198, 173))
144 (1, (179, 200, 227))
145 (1, (185, 136, 129))
146 (1, (245, 200, 171))
147 (1, (145, 128, 147))
148 (1, (101, 108, 150))
149 (1, (241, 189, 150))
150 (1, (255, 254, 255))
151 (1, (254, 254, 255))
152 (1, (253, 206, 180))
153 (1, (219, 217, 231))
154 (1, (250, 206, 177))
155 (1, (247, 238, 243))
156 (1, (246, 238, 249))
157 (1, (250, 247, 255))
158 (1, (244, 238, 250))
159 (1, (243, 238, 242))
160 (1, (241, 166, 143))
161 (1, (239, 230, 231))
162 (1, (219, 118, 74))
163 (1, (237, 166, 144))
164 (1, (236, 206, 182))
165 (1, (235, 246, 252))
166 (1, (234, 214, 203))
167 (1, (233, 238, 244))
168 (1, (196, 136, 125))
169 (1, (225, 232, 250))
170 (1, (121, 127, 143))
171 (1, (226, 238, 252))
172 (1, (225, 190, 184))
173 (1, (224, 150, 121))
174 (1, (255, 246, 247))
175 (1, (221, 94, 41))
176 (1, (220, 198, 187))
177 (1, (219, 214, 218))
178 (1, (218, 222, 231))
179 (1, (217, 166, 149))
180 (1, (192, 137, 130))
181 (1, (215, 142, 109))
182 (1, (214, 222, 233))
183 (1, (213, 206, 214))
184 (1, (212, 190, 192))
185 (1, (210, 230, 255))
186 (1, (209, 94, 49))
187 (1, (208, 214, 246))
188 (1, (207, 94, 36))
189 (1, (186, 138, 136))
190 (1, (230, 183, 155))
191 (1, (203, 222, 239))
192 (1, (202, 190, 192))
193 (1, (201, 206, 210))
194 (1, (200, 134, 108))
195 (1, (199, 206, 214))
196 (1, (243, 182, 161))
197 (1, (197, 190, 197))
198 (1, (196, 166, 166))
199 (1, (195, 142, 134))
200 (1, (193, 190, 209))
201 (1, (192, 214, 228))
202 (1, (191, 142, 135))
203 (1, (190, 190, 198))
204 (1, (237, 246, 253))
205 (1, (187, 110, 92))
206 (1, (186, 214, 235))
207 (1, (104, 108, 135))
208 (1, (247, 220, 211))
209 (1, (182, 134, 120))
210 (1, (173, 138, 136))
211 (1, (180, 182, 194))
212 (1, (179, 206, 227))
213 (1, (178, 142, 154))
214 (1, (177, 174, 183))
215 (1, (174, 134, 132))
216 (1, (172, 206, 241))
217 (1, (171, 134, 141))
218 (1, (244, 213, 210))
219 (1, (164, 166, 187))
220 (1, (162, 190, 227))
221 (1, (160, 166, 188))
222 (1, (255, 246, 239))
223 (1, (158, 142, 145))
224 (1, (106, 57, 50))
225 (1, (154, 118, 122))
226 (2, (152, 182, 220))
227 (1, (151, 182, 213))
228 (1, (148, 150, 163))
229 (1, (146, 110, 112))
230 (1, (145, 150, 169))
231 (1, (129, 123, 159))
232 (1, (143, 142, 173))
233 (1, (140, 134, 148))
234 (1, (139, 150, 168))
235 (1, (215, 212, 221))
236 (1, (136, 94, 108))
237 (1, (135, 62, 45))
238 (1, (134, 134, 146))
239 (1, (133, 142, 157))
240 (1, (131, 134, 151))
241 (1, (130, 142, 168))
242 (1, (129, 110, 114))
243 (1, (128, 70, 66))
244 (1, (127, 134, 152))
245 (1, (126, 86, 95))
246 (1, (219, 103, 54))
247 (1, (122, 118, 145))
248 (1, (121, 78, 62))
249 (1, (120, 118, 139))
250 (1, (119, 70, 73))
251 (1, (118, 118, 142))
252 (1, (235, 190, 171))
253 (1, (131, 84, 76))
254 (1, (156, 180, 206))
255 (1, (109, 54, 51))
256 (1, (228, 148, 125))
257 (1, (106, 118, 158))
258 (1, (102, 102, 130))
259 (1, (103, 102, 120))
260 (1, (102, 118, 152))
261 (1, (192, 205, 214))
262 (1, (99, 118, 151))
263 (1, (97, 78, 97))
264 (1, (96, 110, 139))
265 (1, (255, 242, 237))
266 (1, (92, 102, 138))
267 (1, (238, 179, 161))
268 (1, (84, 94, 121))
269 (1, (83, 94, 124))
270 (1, (76, 86, 113))
271 (1, (235, 182, 166))
272 (1, (193, 213, 246))
273 (1, (182, 139, 149))
274 (1, (213, 178, 184))
275 (1, (179, 180, 201))
276 (1, (190, 180, 189))
277 (1, (233, 114, 48))
278 (1, (151, 119, 120))
279 (1, (209, 99, 48))
280 (1, (148, 119, 121))
281 (1, (160, 182, 223))
282 (1, (245, 145, 93))
283 (1, (63, 81, 127))
284 (1, (179, 185, 201))
285 (1, (29, 30, 58))
286 (1, (102, 81, 90))
287 (1, (190, 144, 144))
288 (1, (230, 224, 236))
289 (1, (159, 144, 151))
290 (1, (202, 90, 50))
291 (1, (242, 199, 165))
292 (1, (247, 144, 103))
293 (1, (170, 209, 240))
294 (1, (195, 179, 180))
295 (1, (220, 244, 254))
296 (1, (208, 208, 236))
297 (1, (225, 145, 110))
298 (4, (255, 253, 255))
299 (1, (254, 173, 146))
300 (1, (253, 253, 255))
301 (1, (248, 245, 252))
302 (1, (246, 221, 201))
303 (1, (245, 245, 237))
304 (1, (244, 173, 153))
305 (1, (243, 165, 129))
306 (1, (242, 245, 252))
307 (1, (241, 181, 153))
308 (1, (240, 189, 162))
309 (1, (127, 119, 134))
310 (1, (238, 165, 132))
311 (1, (237, 157, 130))
312 (1, (236, 173, 142))
313 (1, (235, 237, 255))
314 (1, (234, 213, 210))
315 (1, (233, 205, 204))
316 (1, (199, 208, 223))
317 (1, (231, 157, 122))
318 (1, (230, 149, 94))
319 (1, (229, 157, 145))
320 (2, (228, 165, 148))
321 (1, (227, 245, 255))
322 (1, (223, 237, 246))
323 (1, (222, 181, 161))
324 (1, (220, 149, 119))
325 (1, (219, 165, 153))
326 (1, (217, 141, 107))
327 (1, (192, 209, 239))
328 (1, (204, 145, 131))
329 (1, (214, 221, 231))
330 (1, (213, 229, 254))
331 (1, (212, 149, 132))
332 (1, (211, 189, 191))
333 (1, (210, 213, 230))
334 (1, (209, 221, 237))
335 (1, (208, 213, 242))
336 (1, (206, 189, 195))
337 (1, (205, 149, 124))
338 (1, (229, 239, 248))
339 (1, (226, 153, 118))
340 (1, (202, 213, 235))
341 (1, (201, 221, 232))
342 (1, (200, 189, 195))
343 (1, (199, 213, 224))
344 (1, (198, 213, 244))
345 (1, (196, 205, 234))
346 (1, (195, 141, 129))
347 (1, (193, 221, 243))
348 (1, (192, 205, 224))
349 (1, (59, 50, 71))
350 (1, (190, 213, 245))
351 (1, (189, 205, 230))
352 (1, (188, 197, 214))
353 (1, (185, 205, 238))
354 (1, (184, 213, 245))
355 (1, (183, 205, 242))
356 (1, (182, 197, 218))
357 (1, (181, 189, 192))
358 (1, (180, 141, 142))
359 (1, (179, 189, 224))
360 (1, (178, 197, 229))
361 (1, (154, 179, 209))
362 (1, (176, 133, 117))
363 (1, (174, 117, 106))
364 (1, (173, 189, 214))
365 (1, (198, 180, 194))
366 (1, (171, 173, 196))
367 (1, (195, 190, 194))
368 (1, (167, 165, 179))
369 (1, (232, 189, 182))
370 (1, (161, 141, 153))
371 (1, (255, 220, 212))
372 (1, (158, 181, 223))
373 (1, (156, 149, 165))
374 (1, (155, 133, 136))
375 (1, (154, 149, 171))
376 (2, (153, 181, 221))
377 (1, (152, 149, 158))
378 (1, (218, 216, 229))
379 (1, (150, 181, 225))
380 (1, (149, 181, 222))
381 (1, (148, 149, 169))
382 (1, (147, 117, 117))
383 (1, (146, 157, 187))
384 (1, (145, 133, 155))
385 (1, (144, 149, 169))
386 (1, (143, 93, 84))
387 (1, (142, 133, 150))
388 (1, (141, 149, 185))
389 (1, (235, 253, 255))
390 (1, (139, 149, 184))
391 (1, (137, 69, 60))
392 (1, (136, 141, 161))
393 (1, (134, 125, 156))
394 (1, (133, 165, 214))
395 (1, (132, 125, 141))
396 (1, (129, 85, 60))
397 (1, (127, 53, 42))
398 (1, (125, 117, 132))
399 (1, (124, 53, 47))
400 (1, (123, 85, 96))
401 (1, (122, 125, 140))
402 (1, (203, 220, 238))
403 (1, (120, 53, 37))
404 (1, (119, 125, 147))
405 (1, (118, 117, 125))
406 (1, (245, 174, 146))
407 (1, (115, 61, 51))
408 (1, (114, 69, 66))
409 (1, (209, 152, 125))
410 (1, (216, 171, 166))
411 (1, (110, 117, 135))
412 (1, (109, 117, 140))
413 (1, (104, 101, 118))
414 (1, (102, 53, 46))
415 (1, (101, 109, 145))
416 (1, (100, 53, 47))
417 (1, (97, 109, 133))
418 (1, (255, 250, 250))
419 (1, (94, 101, 129))
420 (1, (92, 101, 132))
421 (1, (255, 252, 248))
422 (1, (245, 227, 217))
423 (1, (86, 77, 98))
424 (1, (238, 174, 138))
425 (1, (98, 43, 49))
426 (1, (252, 216, 204))
427 (1, (203, 206, 223))
428 (1, (142, 173, 219))
429 (1, (126, 122, 147))
430 (1, (124, 122, 146))
431 (1, (196, 173, 193))
432 (1, (164, 171, 181))
433 (1, (68, 77, 116))
434 (1, (106, 58, 44))
435 (1, (64, 77, 119))
436 (1, (59, 77, 125))
437 (1, (54, 61, 87))
438 (1, (53, 53, 87))
439 (1, (164, 190, 225))
440 (1, (133, 126, 142))
441 (1, (130, 126, 143))
442 (1, (148, 175, 204))
443 (1, (210, 107, 49))
444 (1, (39, 45, 71))
445 (1, (248, 173, 134))
446 (1, (93, 106, 138))
447 (1, (29, 29, 57))
448 (1, (242, 199, 182))
449 (1, (99, 112, 144))
450 (1, (251, 250, 246))
451 (1, (20, 21, 49))
452 (1, (174, 169, 175))
453 (1, (156, 109, 89))
454 (1, (185, 152, 143))
455 (1, (209, 88, 43))
456 (1, (150, 176, 211))
457 (1, (226, 105, 62))
458 (2, (255, 252, 250))
459 (1, (112, 64, 54))
460 (1, (253, 252, 255))
461 (1, (252, 252, 250))
462 (1, (251, 252, 254))
463 (1, (249, 220, 214))
464 (1, (247, 252, 248))
465 (1, (246, 220, 203))
466 (1, (245, 236, 227))
467 (1, (243, 244, 248))
468 (1, (226, 152, 117))
469 (1, (240, 116, 54))
470 (1, (238, 212, 213))
471 (1, (237, 244, 255))
472 (1, (236, 180, 165))
473 (1, (91, 105, 134))
474 (1, (234, 196, 175))
475 (1, (233, 92, 39))
476 (1, (195, 216, 247))
477 (1, (229, 220, 215))
478 (1, (228, 228, 240))
479 (1, (227, 244, 254))
480 (1, (226, 188, 165))
481 (1, (224, 196, 185))
482 (1, (255, 230, 225))
483 (1, (221, 236, 243))
484 (1, (220, 108, 45))
485 (1, (219, 140, 101))
486 (1, (217, 196, 193))
487 (1, (230, 173, 153))
488 (1, (215, 132, 90))
489 (1, (159, 123, 123))
490 (1, (213, 108, 42))
491 (1, (97, 111, 150))
492 (1, (211, 188, 196))
493 (1, (210, 156, 132))
494 (1, (209, 204, 226))
495 (1, (208, 220, 244))
496 (1, (207, 196, 202))
497 (1, (167, 154, 182))
498 (1, (205, 172, 157))
499 (1, (204, 204, 228))
500 (1, (170, 171, 192))
501 (1, (215, 230, 249))
502 (1, (201, 172, 154))
503 (1, (200, 196, 211))
504 (1, (198, 220, 243))
505 (1, (122, 62, 54))
506 (1, (241, 247, 243))
507 (1, (192, 220, 241))
508 (1, (255, 229, 222))
509 (2, (190, 212, 233))
510 (1, (189, 204, 225))
511 (1, (188, 212, 240))
512 (1, (187, 204, 230))
513 (1, (185, 212, 231))
514 (1, (183, 124, 116))
515 (1, (231, 243, 255))
516 (1, (181, 124, 113))
517 (1, (180, 180, 192))
518 (1, (179, 172, 188))
519 (1, (140, 89, 68))
520 (1, (207, 163, 154))
521 (1, (175, 188, 220))
522 (1, (148, 171, 202))
523 (1, (173, 180, 198))
524 (1, (147, 173, 208))
525 (1, (171, 140, 138))
526 (1, (167, 140, 145))
527 (1, (175, 143, 144))
528 (1, (163, 124, 119))
529 (1, (158, 108, 101))
530 (1, (157, 116, 112))
531 (1, (156, 140, 151))
532 (1, (155, 124, 129))
533 (1, (154, 164, 174))
534 (1, (151, 180, 210))
535 (1, (149, 156, 172))
536 (1, (147, 100, 80))
537 (1, (208, 109, 77))
538 (1, (145, 156, 174))
539 (1, (132, 171, 228))
540 (1, (143, 148, 180))
541 (1, (142, 172, 210))
542 (1, (140, 148, 159))
543 (1, (139, 124, 143))
544 (1, (225, 183, 171))
545 (1, (137, 156, 186))
546 (1, (203, 180, 206))
547 (1, (135, 132, 151))
548 (1, (132, 132, 156))
549 (1, (131, 116, 135))
550 (1, (130, 124, 138))
551 (1, (127, 60, 51))
552 (1, (123, 116, 132))
553 (1, (122, 84, 95))
554 (1, (199, 93, 43))
555 (1, (117, 124, 150))
556 (1, (252, 251, 249))
557 (1, (114, 100, 115))
558 (1, (113, 76, 84))
559 (1, (248, 249, 243))
560 (1, (111, 108, 139))
561 (1, (247, 163, 135))
562 (1, (109, 60, 56))
563 (1, (108, 108, 134))
564 (1, (107, 52, 57))
565 (1, (131, 129, 150))
566 (1, (104, 28, 12))
567 (1, (103, 100, 117))
568 (1, (213, 165, 129))
569 (1, (101, 116, 155))
570 (1, (96, 108, 132))
571 (1, (152, 143, 162))
572 (1, (88, 92, 119))
573 (1, (87, 100, 144))
574 (1, (98, 99, 127))
575 (1, (83, 84, 112))
576 (1, (139, 101, 116))
577 (1, (247, 226, 223))
578 (1, (198, 173, 195))
579 (1, (233, 198, 178))
580 (1, (66, 84, 134))
581 (1, (137, 100, 117))
582 (1, (255, 225, 214))
583 (1, (255, 250, 243))
584 (1, (221, 163, 141))
585 (1, (178, 192, 227))
586 (1, (97, 98, 126))
587 (1, (140, 102, 117))
588 (1, (43, 44, 74))
589 (1, (244, 161, 119))
590 (1, (213, 227, 253))
591 (1, (34, 28, 62))
592 (1, (28, 28, 52))
593 (1, (207, 163, 152))
594 (1, (96, 97, 117))
595 (1, (172, 161, 169))
596 (1, (136, 167, 213))
597 (1, (220, 229, 238))
598 (1, (89, 96, 122))
599 (1, (255, 251, 253))
600 (1, (252, 251, 255))
601 (1, (250, 251, 253))
602 (1, (249, 155, 121))
603 (1, (188, 187, 203))
604 (1, (247, 251, 255))
605 (1, (245, 243, 248))
606 (1, (244, 235, 228))
607 (1, (243, 251, 255))
608 (1, (241, 227, 240))
609 (2, (240, 243, 248))
610 (1, (238, 211, 202))
611 (1, (186, 99, 46))
612 (1, (236, 211, 214))
613 (1, (168, 160, 171))
614 (1, (210, 161, 156))
615 (1, (233, 187, 171))
616 (1, (231, 163, 152))
617 (1, (249, 159, 124))
618 (1, (226, 235, 234))
619 (1, (225, 211, 211))
620 (1, (224, 227, 236))
621 (1, (223, 203, 202))
622 (1, (221, 203, 201))
623 (1, (103, 103, 141))
624 (1, (207, 171, 159))
625 (1, (218, 171, 155))
626 (1, (217, 131, 104))
627 (1, (236, 244, 255))
628 (1, (206, 161, 156))
629 (1, (214, 227, 235))
630 (1, (213, 219, 231))
631 (1, (212, 219, 229))
632 (1, (211, 131, 98))
633 (1, (210, 179, 177))
634 (1, (188, 162, 149))
635 (1, (208, 219, 237))
636 (1, (207, 211, 214))
637 (1, (206, 219, 228))
638 (1, (205, 99, 41))
639 (1, (229, 223, 227))
640 (1, (203, 211, 222))
641 (2, (202, 211, 242))
642 (1, (200, 211, 233))
643 (1, (199, 227, 238))
644 (1, (212, 174, 161))
645 (1, (197, 203, 219))
646 (1, (196, 107, 77))
647 (1, (195, 139, 116))
648 (1, (241, 174, 158))
649 (1, (193, 123, 98))
650 (1, (190, 147, 140))
651 (1, (189, 203, 229))
652 (1, (188, 195, 203))
653 (1, (219, 181, 162))
654 (1, (186, 139, 133))
655 (1, (184, 203, 235))
656 (1, (183, 203, 228))
657 (1, (182, 203, 234))
658 (1, (178, 187, 218))
659 (1, (176, 139, 133))
660 (1, (175, 139, 141))
661 (1, (179, 189, 225))
662 (1, (173, 179, 213))
663 (1, (171, 139, 140))
664 (1, (211, 223, 249))
665 (1, (227, 234, 242))
666 (1, (198, 174, 190))
667 (1, (240, 164, 138))
668 (1, (226, 110, 51))
669 (1, (162, 195, 230))
670 (1, (161, 107, 95))
671 (1, (159, 179, 216))
672 (1, (255, 223, 212))
673 (1, (154, 163, 178))
674 (1, (153, 179, 216))
675 (1, (151, 123, 137))
676 (1, (150, 115, 119))
677 (1, (149, 147, 160))
678 (1, (148, 139, 166))
679 (1, (147, 139, 150))
680 (1, (151, 172, 201))
681 (1, (235, 173, 148))
682 (1, (144, 131, 151))
683 (1, (142, 171, 213))
684 (1, (140, 155, 194))
685 (1, (255, 250, 244))
686 (1, (138, 139, 157))
687 (1, (137, 147, 182))
688 (1, (136, 171, 225))
689 (1, (243, 172, 130))
690 (1, (132, 123, 152))
691 (1, (130, 67, 58))
692 (1, (129, 123, 137))
693 (1, (124, 91, 102))
694 (1, (123, 123, 157))
695 (1, (122, 59, 44))
696 (1, (121, 99, 101))
697 (1, (182, 203, 230))
698 (1, (117, 67, 66))
699 (1, (183, 139, 140))
700 (1, (189, 159, 157))
701 (1, (114, 59, 54))
702 (1, (140, 172, 221))
703 (1, (214, 222, 243))
704 (1, (109, 59, 60))
705 (1, (228, 236, 247))
706 (1, (107, 35, 23))
707 (1, (237, 223, 220))
708 (1, (192, 172, 181))
709 (1, (103, 51, 53))
710 (1, (101, 99, 123))
711 (1, (98, 115, 159))
712 (1, (97, 99, 120))
713 (1, (96, 107, 137))
714 (1, (92, 99, 128))
715 (1, (239, 190, 158))
716 (1, (206, 189, 197))
717 (1, (210, 159, 140))
718 (1, (84, 99, 132))
719 (1, (83, 91, 130))
720 (1, (80, 59, 74))
721 (1, (110, 106, 131))
722 (1, (176, 179, 188))
723 (1, (73, 83, 119))
724 (1, (196, 189, 197))
725 (1, (93, 42, 38))
726 (1, (69, 75, 101))
727 (1, (189, 172, 188))
728 (1, (255, 249, 238))
729 (1, (60, 83, 125))
730 (1, (233, 170, 155))
731 (1, (249, 185, 150))
732 (1, (218, 169, 139))
733 (1, (139, 174, 228))
734 (1, (189, 93, 53))
735 (1, (178, 121, 114))
736 (1, (206, 159, 143))
737 (1, (125, 57, 44))
738 (1, (39, 43, 70))
739 (1, (213, 219, 235))
740 (1, (36, 35, 69))
741 (1, (35, 35, 63))
742 (1, (241, 185, 150))
743 (1, (255, 232, 224))
744 (1, (119, 121, 142))
745 (1, (25, 19, 57))
746 (2, (18, 19, 47))
747 (1, (196, 215, 245))
748 (1, (245, 198, 170))
749 (1, (10, 11, 32))
750 (1, (9, 11, 34))
751 (1, (241, 221, 222))
752 (1, (242, 232, 240))
753 (1, (255, 250, 252))
754 (1, (254, 210, 197))
755 (1, (253, 250, 255))
756 (1, (252, 226, 229))
757 (1, (251, 250, 255))
758 (1, (247, 242, 248))
759 (1, (210, 211, 232))
760 (1, (244, 242, 247))
761 (1, (241, 250, 255))
762 (1, (240, 218, 207))
763 (1, (239, 130, 87))
764 (1, (238, 90, 26))
765 (1, (236, 178, 156))
766 (1, (235, 226, 229))
767 (1, (234, 242, 253))
768 (1, (233, 234, 238))
769 (1, (232, 146, 95))
770 (1, (230, 138, 97))
771 (1, (229, 194, 190))
772 (1, (228, 106, 55))
773 (1, (227, 234, 252))
774 (1, (226, 170, 153))
775 (1, (224, 186, 175))
776 (1, (223, 218, 214))
777 (1, (222, 170, 156))
778 (1, (219, 162, 151))
779 (1, (200, 121, 90))
780 (1, (214, 218, 217))
781 (1, (213, 154, 122))
782 (1, (212, 226, 239))
783 (1, (211, 178, 163))
784 (1, (210, 170, 158))
785 (1, (209, 154, 133))
786 (1, (207, 154, 122))
787 (1, (186, 159, 174))
788 (1, (109, 110, 130))
789 (1, (204, 178, 163))
790 (1, (202, 210, 223))
791 (1, (201, 138, 129))
792 (1, (198, 185, 194))
793 (1, (219, 150, 121))
794 (1, (198, 194, 209))
795 (1, (197, 138, 124))
796 (1, (194, 210, 223))
797 (1, (193, 138, 133))
798 (1, (192, 210, 230))
799 (1, (191, 194, 211))
800 (1, (188, 178, 187))
801 (1, (187, 146, 164))
802 (1, (186, 202, 228))
803 (2, (201, 214, 230))
804 (1, (184, 202, 242))
805 (1, (183, 146, 153))
806 (1, (182, 202, 237))
807 (1, (208, 214, 228))
808 (1, (178, 186, 205))
809 (1, (176, 178, 203))
810 (1, (144, 91, 75))
811 (1, (173, 114, 98))
812 (1, (171, 162, 183))
813 (1, (170, 138, 149))
814 (1, (198, 214, 247))
815 (1, (167, 162, 182))
816 (1, (166, 138, 137))
817 (1, (165, 186, 215))
818 (1, (174, 159, 166))
819 (1, (118, 61, 67))
820 (1, (237, 181, 156))
821 (1, (156, 162, 184))
822 (1, (154, 122, 127))
823 (1, (151, 122, 126))
824 (1, (149, 170, 197))
825 (1, (148, 106, 90))
826 (1, (232, 245, 254))
827 (1, (145, 114, 119))
828 (1, (136, 155, 185))
829 (1, (142, 146, 158))
830 (1, (141, 130, 147))
831 (1, (139, 146, 172))
832 (1, (138, 162, 198))
833 (1, (137, 170, 221))
834 (1, (192, 151, 157))
835 (1, (135, 58, 38))
836 (1, (212, 116, 68))
837 (1, (132, 106, 109))
838 (1, (131, 138, 154))
839 (1, (130, 58, 44))
840 (1, (129, 146, 164))
841 (1, (114, 76, 87))
842 (1, (126, 122, 137))
843 (1, (125, 122, 143))
844 (1, (103, 108, 127))
845 (1, (189, 197, 218))
846 (1, (122, 130, 151))
847 (1, (121, 122, 142))
848 (1, (204, 180, 206))
849 (1, (190, 151, 156))
850 (1, (116, 66, 67))
851 (1, (112, 122, 158))
852 (1, (197, 187, 185))
853 (1, (144, 181, 225))
854 (1, (106, 122, 158))
855 (1, (192, 180, 184))
856 (1, (103, 114, 144))
857 (1, (100, 106, 140))
858 (1, (182, 139, 146))
859 (2, (97, 114, 144))
860 (1, (95, 114, 156))
861 (1, (93, 106, 141))
862 (1, (92, 106, 145))
863 (1, (230, 241, 247))
864 (1, (88, 90, 129))
865 (1, (228, 113, 56))
866 (1, (85, 90, 120))
867 (1, (84, 98, 127))
868 (1, (83, 98, 129))
869 (1, (180, 148, 149))
870 (1, (186, 179, 187))
871 (1, (77, 90, 122))
872 (1, (68, 58, 92))
873 (1, (64, 66, 89))
874 (1, (61, 82, 137))
875 (1, (60, 66, 100))
876 (1, (59, 74, 117))
877 (1, (204, 210, 226))
878 (1, (45, 50, 72))
879 (1, (220, 221, 239))
880 (1, (211, 211, 219))
881 (1, (194, 210, 226))
882 (1, (242, 177, 159))
883 (1, (117, 113, 150))
884 (1, (186, 147, 142))
885 (1, (204, 211, 237))
886 (1, (195, 135, 135))
887 (1, (20, 18, 55))
888 (1, (18, 18, 46))
889 (1, (136, 151, 170))
890 (1, (228, 177, 156))
891 (1, (245, 240, 247))
892 (1, (193, 211, 235))
893 (1, (150, 184, 230))
894 (1, (255, 217, 194))
895 (1, (223, 177, 161))
896 (1, (249, 241, 239))
897 (1, (248, 177, 145))
898 (1, (115, 120, 152))
899 (1, (114, 112, 136))
900 (1, (245, 249, 252))
901 (1, (244, 169, 148))
902 (1, (214, 150, 106))
903 (1, (242, 89, 31))
904 (1, (241, 241, 251))
905 (1, (240, 177, 146))
906 (1, (239, 209, 199))
907 (1, (237, 169, 150))
908 (1, (236, 241, 247))
909 (1, (235, 233, 246))
910 (1, (234, 193, 161))
911 (1, (233, 113, 60))
912 (1, (232, 233, 238))
913 (1, (231, 153, 107))
914 (1, (230, 225, 231))
915 (1, (148, 179, 223))
916 (1, (228, 161, 144))
917 (1, (241, 207, 208))
918 (1, (60, 83, 135))
919 (1, (224, 233, 248))
920 (1, (255, 222, 216))
921 (1, (222, 225, 242))
922 (1, (220, 225, 231))
923 (1, (189, 134, 129))
924 (1, (154, 179, 219))
925 (1, (217, 217, 227))
926 (1, (216, 201, 204))
927 (1, (214, 137, 107))
928 (1, (220, 158, 137))
929 (1, (210, 185, 180))
930 (1, (208, 145, 130))
931 (1, (207, 121, 98))
932 (1, (208, 220, 236))
933 (1, (204, 137, 118))
934 (1, (202, 193, 198))
935 (1, (201, 217, 242))
936 (1, (200, 209, 226))
937 (1, (199, 225, 242))
938 (1, (198, 209, 241))
939 (1, (197, 169, 183))
940 (1, (195, 201, 233))
941 (1, (161, 187, 222))
942 (1, (193, 209, 224))
943 (1, (192, 169, 163))
944 (1, (191, 185, 187))
945 (1, (188, 145, 165))
946 (1, (187, 209, 233))
947 (1, (186, 201, 222))
948 (1, (223, 185, 162))
949 (1, (183, 185, 198))
950 (1, (181, 201, 238))
951 (1, (223, 229, 251))
952 (1, (178, 201, 233))
953 (1, (177, 185, 198))
954 (1, (179, 205, 238))
955 (1, (207, 219, 235))
956 (1, (172, 169, 186))
957 (1, (185, 205, 240))
958 (1, (170, 121, 107))
959 (1, (245, 231, 218))
960 (1, (199, 222, 238))
961 (1, (220, 101, 59))
962 (1, (166, 121, 98))
963 (1, (234, 239, 245))
964 (1, (163, 177, 204))
965 (1, (161, 153, 176))
966 (1, (160, 177, 205))
967 (1, (255, 252, 251))
968 (1, (101, 53, 51))
969 (1, (155, 153, 166))
970 (1, (152, 153, 171))
971 (1, (229, 228, 233))
972 (1, (149, 121, 135))
973 (1, (148, 137, 153))
974 (1, (147, 105, 81))
975 (1, (145, 153, 174))
976 (1, (143, 145, 170))
977 (1, (142, 169, 212))
978 (1, (231, 229, 230))
979 (2, (140, 169, 213))
980 (1, (110, 116, 132))
981 (1, (138, 153, 176))
982 (1, (193, 207, 236))
983 (1, (200, 156, 143))
984 (1, (132, 121, 137))
985 (1, (131, 129, 153))
986 (1, (129, 145, 160))
987 (1, (125, 73, 62))
988 (1, (123, 129, 153))
989 (1, (122, 129, 155))
990 (1, (119, 121, 144))
991 (1, (117, 113, 130))
992 (1, (200, 167, 162))
993 (1, (234, 188, 172))
994 (1, (114, 57, 48))
995 (1, (113, 129, 165))
996 (1, (130, 60, 52))
997 (1, (153, 141, 151))
998 (1, (156, 141, 164))
999 (1, (168, 184, 209))
1000 (1, (107, 121, 150))
1001 (1, (106, 57, 52))
1002 (1, (197, 206, 223))
1003 (1, (104, 57, 63))
1004 (1, (102, 97, 129))
1005 (1, (96, 49, 57))
1006 (1, (91, 105, 144))
1007 (1, (89, 97, 118))
1008 (1, (233, 175, 153))
1009 (1, (173, 143, 141))
1010 (1, (82, 89, 115))
1011 (1, (143, 141, 155))
1012 (1, (95, 90, 110))
1013 (1, (237, 252, 255))
1014 (1, (196, 141, 134))
1015 (1, (71, 89, 127))
1016 (1, (88, 95, 139))
1017 (1, (65, 81, 130))
1018 (1, (63, 81, 117))
1019 (1, (255, 205, 190))
1020 (1, (204, 218, 231))
1021 (1, (232, 218, 215))
1022 (1, (138, 94, 81))
1023 (1, (144, 143, 151))
1024 (1, (109, 73, 85))
1025 (1, (229, 90, 31))
1026 (1, (214, 139, 108))
1027 (1, (41, 41, 79))
1028 (1, (197, 218, 247))
1029 (1, (35, 41, 63))
1030 (1, (255, 248, 245))
1031 (1, (236, 137, 105))
1032 (1, (255, 238, 227))
1033 (1, (71, 75, 100))
1034 (1, (23, 17, 43))
1035 (1, (21, 17, 40))
1036 (1, (155, 184, 228))
1037 (1, (150, 184, 229))
1038 (1, (247, 142, 97))
1039 (1, (181, 122, 116))
1040 (1, (13, 17, 44))
1041 (1, (228, 201, 180))
1042 (1, (185, 184, 198))
1043 (1, (196, 203, 213))
1044 (1, (242, 248, 248))
1045 (1, (176, 186, 213))
1046 (1, (255, 247, 245))
1047 (1, (254, 176, 154))
1048 (1, (253, 224, 216))
1049 (1, (252, 168, 134))
1050 (1, (238, 248, 255))
1051 (1, (255, 247, 250))
1052 (1, (248, 216, 205))
1053 (1, (247, 200, 184))
1054 (1, (183, 203, 238))
1055 (1, (245, 208, 199))
1056 (1, (244, 152, 111))
1057 (1, (243, 240, 235))
1058 (1, (113, 56, 47))
1059 (1, (241, 224, 217))
1060 (1, (240, 96, 36))
1061 (1, (239, 232, 240))
1062 (1, (238, 168, 134))
1063 (1, (186, 203, 233))
1064 (1, (235, 240, 244))
1065 (1, (234, 168, 152))
1066 (1, (233, 240, 255))
1067 (1, (231, 232, 226))
1068 (1, (230, 160, 134))
1069 (1, (218, 151, 124))
1070 (1, (227, 176, 145))
1071 (1, (226, 168, 156))
1072 (1, (13, 9, 34))
1073 (1, (223, 224, 226))
1074 (1, (222, 168, 158))
1075 (1, (221, 136, 97))
1076 (1, (230, 205, 201))
1077 (1, (218, 216, 230))
1078 (1, (231, 205, 208))
1079 (1, (215, 184, 189))
1080 (1, (214, 168, 155))
1081 (1, (213, 144, 113))
1082 (2, (212, 232, 255))
1083 (1, (209, 224, 243))
1084 (1, (133, 137, 164))
1085 (1, (207, 208, 212))
1086 (1, (206, 152, 150))
1087 (1, (205, 112, 71))
1088 (1, (204, 224, 248))
1089 (1, (203, 208, 237))
1090 (1, (202, 160, 135))
1091 (1, (201, 152, 137))
1092 (1, (200, 216, 241))
1093 (1, (199, 208, 237))
1094 (1, (198, 136, 115))
1095 (1, (196, 208, 234))
1096 (1, (195, 136, 106))
1097 (1, (194, 216, 240))
1098 (1, (193, 208, 237))
1099 (1, (174, 186, 198))
1100 (1, (190, 144, 128))
1101 (1, (189, 152, 146))
1102 (1, (187, 104, 62))
1103 (1, (186, 192, 204))
1104 (1, (185, 200, 229))
1105 (1, (184, 200, 233))
1106 (1, (202, 134, 125))
1107 (1, (181, 136, 130))
1108 (1, (165, 90, 67))
1109 (1, (179, 200, 217))
1110 (1, (181, 197, 220))
1111 (1, (188, 197, 212))
1112 (1, (175, 200, 230))
1113 (1, (219, 166, 152))
1114 (1, (241, 174, 145))
1115 (1, (168, 184, 207))
1116 (1, (167, 192, 232))
1117 (1, (161, 160, 174))
1118 (1, (159, 176, 194))
1119 (1, (190, 213, 244))
1120 (1, (237, 133, 96))
1121 (1, (155, 160, 182))
1122 (1, (152, 144, 168))
1123 (1, (150, 152, 165))
1124 (1, (148, 168, 193))
1125 (1, (147, 184, 226))
1126 (1, (180, 196, 212))
1127 (1, (145, 152, 178))
1128 (1, (140, 139, 170))
1129 (1, (142, 168, 203))
1130 (1, (141, 144, 161))
1131 (1, (139, 144, 166))
1132 (1, (248, 247, 245))
1133 (1, (137, 152, 181))
1134 (1, (136, 168, 217))
1135 (1, (135, 72, 63))
1136 (1, (134, 120, 143))
1137 (1, (251, 250, 248))
1138 (1, (132, 144, 160))
1139 (1, (131, 80, 76))
1140 (1, (130, 72, 68))
1141 (1, (129, 168, 225))
1142 (1, (237, 196, 174))
1143 (1, (207, 212, 241))
1144 (1, (121, 120, 128))
1145 (1, (119, 64, 59))
1146 (1, (118, 120, 141))
1147 (1, (175, 196, 227))
1148 (1, (159, 197, 236))
1149 (1, (114, 120, 144))
1150 (1, (182, 203, 224))
1151 (1, (112, 120, 143))
1152 (1, (140, 132, 143))
1153 (1, (108, 64, 61))
1154 (1, (210, 197, 191))
1155 (1, (184, 135, 139))
1156 (1, (103, 104, 132))
1157 (1, (101, 112, 142))
1158 (1, (227, 196, 193))
1159 (1, (99, 96, 117))
1160 (1, (148, 111, 105))
1161 (1, (97, 104, 130))
1162 (1, (95, 112, 155))
1163 (1, (92, 104, 144))
1164 (1, (91, 72, 92))
1165 (1, (86, 77, 104))
1166 (1, (89, 104, 143))
1167 (1, (191, 198, 216))
1168 (1, (235, 195, 170))
1169 (1, (83, 72, 102))
1170 (1, (82, 88, 120))
1171 (1, (193, 205, 221))
1172 (1, (255, 251, 255))
1173 (1, (130, 132, 157))
1174 (1, (122, 66, 75))
1175 (1, (255, 213, 197))
1176 (1, (146, 135, 165))
1177 (1, (153, 135, 159))
1178 (1, (197, 212, 235))
1179 (1, (243, 208, 188))
1180 (1, (43, 40, 71))
1181 (1, (184, 193, 198))
1182 (1, (214, 211, 228))
1183 (1, (239, 193, 167))
1184 (1, (98, 104, 136))
1185 (1, (187, 201, 227))
1186 (1, (202, 202, 226))
1187 (1, (16, 16, 40))
1188 (1, (179, 192, 208))
1189 (1, (229, 193, 197))
1190 (1, (108, 128, 165))
1191 (1, (10, 8, 32))
1192 (1, (197, 195, 217))
1193 (1, (255, 255, 250))
1194 (1, (224, 129, 85))
1195 (1, (255, 255, 251))